(1, 100001)	1
(1, 100003)	2
(1, 100008)	5
(1, 100010)	3
(1, 100013)	3
(1, 100017)	4
(1, 100032)	4
(1, 100034)	2
(1, 1000)	35
(1, 100036)	4
(1, 100038)	4
(1, 100044)	76
(1, 100046)	5
(1, 100048)	2
(1, 100054)	1
(1, 100058)	8
(1, 100060)	5
(1, 100062)	12
(1, 100068)	13
(1, 100070)	3
(1, 100072)	1
(1, 100081)	1
(1, 100083)	30
(1, 100085)	1
(1, 100089)	11
(1, 100093)	6
(1, 100099)	1
(1, 100101)	1
(1, 100106)	39
(1, 100108)	35
(1, 1001)	2
(1, 100138)	12
(1, 100143)	2
(1, 100145)	1
(1, 100150)	1
(1, 100157)	1
(1, 100159)	31
(1, 100163)	94
(1, 100165)	7
(1, 100169)	4
(1, 100185)	9
(1, 100188)	2
(1, 100194)	14
(1, 100196)	11
(1, 100200)	1
(1, 100205)	2
(1, 100208)	2
(1, 100210)	3
(1, 100226)	5
(1, 1002)	34
